%YAML:1.0
ESPIDCardV1Back: !!opencv-matrix
   rows: 50
   cols: 60
   dt: f
   data: [ 1.23214610e-02, 2.06583701e-02, 1.16471527e-02,
       2.40973458e-01, 2.49739468e-01, 1.20026968e-01, 5.67032397e-02,
       1.33697048e-01, 9.16446969e-02, 7.68099055e-02, 6.13008030e-02,
       3.85582037e-02, 1.78998336e-02, 1.30570708e-02, 1.31796720e-02,
       1.66125167e-02, 9.93072987e-03, 7.96910375e-03, 6.68178732e-03,
       4.04585293e-03, 2.08422728e-03, 1.83902401e-03, 1.16471527e-03,
       3.06504022e-04, 1.22601603e-04, 6.13008015e-05, 0., 0., 0., 0.,
       0., 0., 0., 0., 0., 0., 0., 0., 0., 0., 0., 0., 0., 0., 0., 0.,
       0., 0., 0., 0., 0., 0., 0., 0., 0., 0., 0., 0., 0., 0., 0.,
       2.11487766e-02, 1.64286140e-02, 3.66027087e-01, 1.38723716e-01,
       2.77631342e-01, 2.17433944e-01, 3.74241382e-01, 5.32274842e-01,
       3.93735051e-01, 2.76957035e-01, 1.75504193e-01, 7.23349452e-02,
       3.44510488e-02, 2.97308881e-02, 4.10102345e-02, 2.77079623e-02,
       2.78305635e-02, 2.60528401e-02, 1.58769079e-02, 1.44056883e-02,
       9.99203045e-03, 8.39820970e-03, 4.84276330e-03, 3.00373929e-03,
       1.71642238e-03, 6.74308802e-04, 6.13008015e-05, 1.83902404e-04,
       0., 0., 0., 0., 0., 0., 0., 0., 0., 0., 0., 0., 0., 0., 0., 0.,
       0., 0., 0., 0., 0., 0., 0., 0., 0., 0., 0., 0., 0., 0., 0., 0.,
       0., 0., 4.78759259e-02, 3.90486121e-02, 1.71519637e-01,
       1.28792986e-01, 3.61613423e-01, 4.60798115e-01, 5.12290776e-01,
       4.33090150e-01, 4.27756995e-01, 1.75013795e-01, 1.02617539e-01,
       5.93391769e-02, 5.14926724e-02, 3.54318619e-02, 3.45736519e-02,
       3.53705622e-02, 2.34782062e-02, 2.07196716e-02, 1.38539812e-02,
       1.21988598e-02, 7.47869769e-03, 5.27186878e-03, 4.22975514e-03,
       4.04585293e-03, 2.20682891e-03, 9.19512007e-04, 4.90406412e-04,
       3.06504022e-04, 6.13008015e-05, 0., 0., 6.13008015e-05, 0., 0.,
       0., 0., 0., 0., 0., 0., 0., 0., 0., 0., 0., 0., 0., 0., 0., 0.,
       0., 0., 0., 0., 0., 0., 0., 0., 9.80812823e-04, 1.24256723e-01,
       1.85251027e-01, 6.85588181e-01, 5.05609035e-01, 5.87077796e-01,
       7.68160343e-01, 8.73107314e-01, 7.99362481e-01, 6.32379055e-01,
       6.07123137e-01, 4.27940905e-01, 2.99883515e-01, 2.21663699e-01,
       1.71213135e-01, 9.50162411e-02, 6.81051910e-02, 6.70017749e-02,
       4.66499105e-02, 4.60982025e-02, 3.40832472e-02, 3.66578810e-02,
       2.25586947e-02, 1.85741428e-02, 1.31183714e-02, 1.12793474e-02,
       7.11089280e-03, 5.02666552e-03, 3.24894255e-03, 3.67804803e-03,
       2.81983684e-03, 1.34861760e-03, 1.16471527e-03, 5.51707228e-04,
       4.29105596e-04, 2.45203206e-04, 1.22601603e-04, 1.83902404e-04,
       0., 0., 0., 0., 0., 0., 0., 0., 0., 0., 0., 0., 0., 0., 0., 0.,
       0., 0., 0., 0., 0., 0., 0., 0., 9.71617699e-02, 1.11322254e-01,
       2.98289686e-01, 2.22889721e-01, 4.62943643e-01, 6.34647191e-01,
       4.42653090e-01, 3.59590501e-01, 6.31398261e-01, 6.93005562e-01,
       6.37467027e-01, 5.19156516e-01, 4.08079445e-01, 3.04419786e-01,
       2.43425488e-01, 2.59118497e-01, 1.47305831e-01, 1.20639980e-01,
       1.02188438e-01, 9.76521745e-02, 4.85502332e-02, 3.04051973e-02,
       2.56237350e-02, 1.71642248e-02, 1.10341441e-02, 8.15300643e-03,
       5.33316983e-03, 3.73934885e-03, 2.39073136e-03, 1.77772320e-03,
       1.04211364e-03, 9.19512007e-04, 9.80812823e-04, 3.06504022e-04,
       3.67804809e-04, 1.83902404e-04, 2.45203206e-04, 0.,
       6.13008015e-05, 6.13008015e-05, 6.13008015e-05, 6.13008015e-05,
       0., 0., 0., 0., 0., 0., 0., 0., 0., 0., 0., 0., 0., 0., 0.,
       8.82731564e-03, 1.08502414e-02, 1.62140623e-01, 1.37375101e-01,
       1.59504682e-01, 2.97799289e-01, 3.31821233e-01, 3.84601235e-01,
       2.93508232e-01, 2.71133453e-01, 3.12634081e-01, 3.91589522e-01,
       3.44817013e-01, 3.92570347e-01, 4.58284795e-01, 7.23778546e-01,
       4.99540240e-01, 4.41120565e-01, 6.51014507e-01, 4.60369021e-01,
       4.24262851e-01, 3.58241886e-01, 3.58609676e-01, 2.19334275e-01,
       1.49267450e-01, 1.27199158e-01, 1.01698026e-01, 4.14393432e-02,
       2.60528401e-02, 1.82063375e-02, 1.01146325e-02, 4.53625945e-03,
       1.59382087e-03, 5.51707228e-04, 6.13008015e-05, 3.67804809e-04,
       3.06504022e-04, 1.22601603e-04, 1.22601603e-04, 1.22601603e-04,
       6.13008015e-05, 1.22601603e-04, 0., 0., 0., 6.13008015e-05, 0.,
       0., 0., 0., 0., 0., 0., 0., 0., 0., 0., 0., 0., 0., 0.,
       2.37847101e-02, 8.21430702e-03, 8.41659978e-02, 1.78630531e-01,
       1.14509895e-01, 2.99025297e-01, 1., 4.95371789e-01,
       2.86703855e-01, 2.66168088e-01, 2.49678165e-01, 1.71213135e-01,
       1.54048920e-01, 1.48715749e-01, 1.55581430e-01, 9.97977033e-02,
       7.34996647e-02, 7.39287660e-02, 6.15460053e-02, 4.97149490e-02,
       4.01520245e-02, 2.97308881e-02, 1.22601604e-02, 6.37528347e-03,
       3.24894255e-03, 4.65886109e-03, 2.26812973e-03, 7.35609618e-04,
       6.74308802e-04, 7.96910434e-04, 4.90406412e-04, 6.13008015e-05,
       1.83902404e-04, 1.22601603e-04, 0., 0., 0., 0., 0., 0., 0., 0.,
       0., 0., 0., 0., 0., 0., 0., 0., 0., 0., 0., 0., 0., 0., 0., 0.,
       0., 0., 0., 0., 6.62048673e-03, 7.55225867e-02, 7.65034035e-02,
       2.27242067e-01, 1.91932812e-01, 2.30491012e-01, 4.49212283e-01,
       3.62287730e-01, 4.60920721e-01, 2.49310359e-01, 1.47980139e-01,
       7.12315291e-02, 5.67032397e-02, 2.92404816e-02, 1.59995090e-02,
       1.13406479e-02, 7.29479548e-03, 4.10715351e-03, 1.83902401e-03,
       1.22601609e-03, 1.16471527e-03, 6.13008044e-04, 6.74308802e-04,
       5.51707228e-04, 6.13008015e-05, 1.22601603e-04, 6.13008015e-05,
       0., 0., 0., 0., 0., 0., 0., 0., 0., 0., 0., 0., 0., 0., 0., 0.,
       0., 0., 0., 0., 0., 0., 0., 0., 0., 0., 0., 0., 0., 0.,
       3.73934885e-03, 3.67804803e-03, 2.71562543e-02, 3.54931653e-02,
       1.14019495e-02, 8.88861623e-03, 4.15619425e-02, 3.76999937e-02,
       7.05572218e-02, 7.85263255e-02, 7.17219412e-02, 2.12345973e-01,
       1.60669401e-01, 8.34916905e-02, 6.46110475e-02, 3.08956038e-02,
       1.65512171e-02, 1.00533310e-02, 5.39447041e-03, 2.88113765e-03,
       1.71642238e-03, 1.10341446e-03, 4.29105596e-04, 1.22601603e-04,
       6.13008015e-05, 0., 0., 0., 0., 0., 0., 0., 0., 0., 0., 0., 0.,
       0., 0., 0., 0., 0., 0., 0., 0., 0., 0., 0., 0., 0., 0., 0., 0.,
       0., 0., 0., 0., 0., 0., 0., 0., 2.02292646e-03, 3.31024337e-03,
       3.49414558e-03, 3.49414558e-03, 9.19512007e-04, 6.92699058e-03,
       3.86195048e-03, 2.81983684e-03, 2.51333276e-03, 1.04211364e-03,
       7.96910434e-04, 4.90406412e-04, 2.45203206e-04, 6.13008015e-05,
       1.47121924e-03, 1.10341446e-03, 1.83902404e-04, 0.,
       6.13008015e-05, 0., 0., 0., 0., 0., 0., 0., 0., 0., 0., 0., 0.,
       0., 0., 0., 0., 0., 0., 0., 0., 0., 0., 0., 0., 0., 0., 0., 0.,
       0., 0., 0., 0., 0., 0., 0., 0., 0., 0., 0., 0., 0.,
       3.37154418e-03, 0., 4.29105596e-04, 4.29105596e-04, 0.,
       6.13008015e-05, 0., 0., 0., 0., 0., 0., 0., 0., 0., 0., 0., 0.,
       0., 0., 0., 0., 0., 0., 0., 0., 0., 0., 0., 0., 0., 0., 0., 0.,
       0., 0., 0., 0., 0., 0., 0., 0., 0., 0., 0., 0., 0., 0., 0., 0.,
       0., 0., 0., 0., 0., 0., 0., 0., 0., 0., 1.22601603e-04, 0.,
       6.13008015e-05, 0., 0., 0., 0., 0., 0., 0., 0., 0., 0., 0., 0.,
       0., 0., 0., 0., 0., 0., 0., 0., 0., 0., 0., 0., 0., 0., 0., 0.,
       0., 0., 0., 0., 0., 0., 0., 0., 0., 0., 0., 0., 0., 0., 0., 0.,
       0., 0., 0., 0., 0., 0., 0., 0., 0., 0., 0., 0., 0., 0., 0., 0.,
       0., 0., 0., 0., 0., 0., 0., 0., 0., 0., 0., 0., 0., 0., 0., 0.,
       0., 0., 0., 0., 0., 0., 0., 0., 0., 0., 0., 0., 0., 0., 0., 0.,
       0., 0., 0., 0., 0., 0., 0., 0., 0., 0., 0., 0., 0., 0., 0., 0.,
       0., 0., 0., 0., 0., 0., 0., 0., 1.83902404e-04, 0.,
       6.13008015e-05, 0., 0., 0., 0., 0., 0., 0., 0., 0., 0., 0., 0.,
       0., 0., 0., 0., 0., 0., 0., 0., 0., 0., 0., 0., 0., 0., 0., 0.,
       0., 0., 0., 0., 0., 0., 0., 0., 0., 0., 0., 0., 0., 0., 0., 0.,
