%YAML:1.0
ESPIDCardV1Front: !!opencv-matrix
   rows: 50
   cols: 60
   dt: f
   data: [ 7.01560438e-01, 1.08365836e-02, 2.29735579e-02,
       1.63126707e-01, 6.32134080e-02, 3.94451655e-02, 2.98367273e-02,
       3.72056030e-02, 1.21514231e-01, 3.22496742e-01, 2.29302108e-01,
       1.25487641e-01, 3.80725302e-02, 2.05172654e-02, 1.80609729e-02,
       1.72662903e-02, 1.30039006e-02, 1.48822423e-02, 1.27149252e-02,
       1.02586327e-02, 1.13422908e-02, 8.30804743e-03, 6.42970623e-03,
       5.05707227e-03, 3.46770696e-03, 2.45629228e-03, 1.87834119e-03,
       1.80609734e-03, 1.87834119e-03, 1.66160951e-03, 7.94682826e-04,
       1.44487785e-04, 7.22438926e-05, 0., 0., 0., 0., 0., 0., 0., 0.,
       0., 0., 0., 0., 0., 0., 0., 0., 0., 0., 0., 0., 0., 0., 0., 0.,
       0., 0., 0., 0., 1.16312671e-02, 1.38130322e-01, 2.61089414e-01,
       7.57116005e-02, 3.40268724e-02, 6.07571155e-02, 7.31108189e-02,
       9.80349630e-02, 1.83788463e-01, 2.02933088e-01, 2.29663327e-01,
       3.44314396e-01, 2.57982939e-01, 1.53446034e-01, 1.65655240e-01,
       1.04031205e-01, 1.14506572e-01, 1.45932660e-01, 1.19563639e-01,
       1.22597888e-01, 1.30616963e-01, 1.86389238e-01, 1.79815054e-01,
       1.66883394e-01, 9.96965691e-02, 4.83311638e-02, 2.83918492e-02,
       2.21788753e-02, 1.94336064e-02, 1.39430715e-02, 5.49053587e-03,
       1.95058505e-03, 2.16731685e-04, 2.16731685e-04, 7.22438926e-05,
       0., 1.44487785e-04, 0., 0., 0., 0., 0., 0., 0., 0., 0., 0., 0.,
       0., 0., 0., 0., 0., 0., 0., 0., 0., 0., 0., 0., 0.,
       2.27568261e-02, 8.48865733e-02, 3.35934088e-02, 7.20994025e-02,
       7.32553080e-02, 6.87761828e-02, 5.75783812e-02, 8.39474052e-02,
       1.42826170e-01, 1.38419300e-01, 9.20387208e-02, 1.64932802e-01,
       1.17974274e-01, 1.54385194e-01, 1.37769103e-01, 1.67750314e-01,
       2.08857089e-01, 1.53229296e-01, 1.25559881e-01, 1.02514081e-01,
       1.13567397e-01, 6.63198903e-02, 4.91980910e-02, 3.79280448e-02,
       3.93729210e-02, 2.23233625e-02, 1.08365836e-02, 5.56277996e-03,
       3.03424359e-03, 1.22814614e-03, 5.77951141e-04, 3.61219456e-04,
       2.16731685e-04, 7.22438926e-05, 0., 7.22438926e-05, 0., 0.,
       7.22438926e-05, 0., 0., 0., 0., 0., 0., 0., 0., 0., 0., 0., 0.,
       0., 0., 0., 0., 0., 0., 0., 0., 4.84034093e-03, 1.46221638e-01,
       3.78269017e-01, 4.22699004e-01, 3.05591673e-01, 1.52145639e-01,
       2.26990312e-01, 1.57925144e-01, 1.85811296e-01, 1.72735155e-01,
       1.71868220e-01, 1.59731254e-01, 1.72373921e-01, 1.13061689e-01,
       1.34445891e-01, 1.19924858e-01, 1.22814618e-01, 1.92891195e-01,
       1.89784706e-01, 2.22294465e-01, 2.38549337e-01, 2.57549465e-01,
       1.50556266e-01, 1.19491398e-01, 7.67952576e-02, 5.25935553e-02,
       2.00115591e-02, 1.20647298e-02, 8.30804743e-03, 6.35746261e-03,
       2.45629228e-03, 2.02282891e-03, 2.31180456e-03, 9.39170597e-04,
       1.44487782e-03, 7.22438912e-04, 1.15590228e-03, 7.22438912e-04,
       7.22438926e-05, 1.44487785e-04, 7.22438926e-05, 0.,
       7.22438926e-05, 0., 0., 0., 0., 0., 0., 0., 0., 0., 0., 0., 0.,
       0., 0., 0., 0., 0., 0., 8.59702285e-03, 2.16587186e-01,
       5.36916614e-01, 4.16341543e-01, 1.68256029e-01, 1.95853189e-01,
       1.49183631e-01, 1.02730818e-01, 7.80956447e-02, 1.23031348e-01,
       1.20719545e-01, 2.33636752e-01, 2.93165714e-01, 2.24172801e-01,
       1.25776619e-01, 1.12411499e-01, 1.40297636e-01, 1.39864177e-01,
       1.86389238e-01, 2.00404555e-01, 2.38549337e-01, 1.70134366e-01,
       1.28449634e-01, 8.41641352e-02, 6.81982338e-02, 2.45629232e-02,
       1.33651197e-02, 8.38029198e-03, 8.23580381e-03, 6.21297490e-03,
       5.05707227e-03, 3.75668239e-03, 3.03424359e-03, 1.37263397e-03,
       7.94682826e-04, 1.66160951e-03, 6.50195056e-04, 4.33463370e-04,
       3.61219456e-04, 3.61219456e-04, 1.44487785e-04, 1.44487785e-04,
       0., 1.44487785e-04, 7.22438926e-05, 0., 0., 0., 0., 0., 0., 0.,
       0., 0., 0., 0., 0., 0., 6.93541393e-03, 5.59673429e-01,
       5.24057209e-01, 4.68357146e-01, 5.11270046e-01, 2.73732096e-01,
       2.09362805e-01, 1.52145639e-01, 1.09305009e-01, 8.81375521e-02,
       9.08828154e-02, 1.16746128e-01, 9.31946188e-02, 2.75899440e-01,
       3.81520003e-01, 7.76983082e-01, 4.28623021e-01, 3.50671858e-01,
       2.90709436e-01, 3.17078441e-01, 3.47204149e-01, 4.18292135e-01,
       6.22164428e-01, 4.41265702e-01, 3.91706377e-01, 3.74006629e-01,
       3.39329571e-01, 1.82560310e-01, 1.22381151e-01, 8.71983767e-02,
       7.33275488e-02, 2.91142892e-02, 1.94336064e-02, 1.65438522e-02,
       8.74151103e-03, 1.02586327e-02, 1.17035108e-02, 1.14867790e-02,
       5.12931636e-03, 1.80609734e-03, 1.22814614e-03, 8.66926741e-04,
       4.33463370e-04, 2.88975571e-04, 2.16731685e-04, 1.44487785e-04,
       7.22438926e-05, 0., 0., 7.22438926e-05, 7.22438926e-05, 0., 0.,
       0., 0., 0., 0., 0., 0., 0., 0., 5.10764308e-02, 3.83398324e-01,
       9.99999940e-01, 5.40239811e-01, 1.32495299e-01, 2.46640652e-01,
       1.53662756e-01, 5.78673594e-02, 6.46582842e-02, 5.28825298e-02,
       4.55858968e-02, 4.11790200e-02, 4.44299951e-02, 5.57000414e-02,
       1.03742227e-01, 1.15806960e-01, 1.08582571e-01, 9.71680358e-02,
       8.02629665e-02, 8.91489610e-02, 1.09738477e-01, 1.43620864e-01,
       6.52362332e-02, 5.20156026e-02, 4.77532148e-02, 5.48331141e-02,
       5.85175529e-02, 8.10576454e-02, 7.33275488e-02, 5.08597009e-02,
       1.96503382e-02, 8.23580381e-03, 5.05707227e-03, 2.38404842e-03,
       2.38404842e-03, 2.74526794e-03, 7.22438912e-04, 1.22814614e-03,
       2.88975571e-04, 2.16731685e-04, 7.22438926e-05, 7.22438926e-05,
       0., 0., 0., 0., 0., 0., 0., 0., 0., 0., 0., 0., 0., 0., 0., 0.,
       0., 0., 0., 0., 5.57144880e-01, 3.27915043e-01, 1.25487641e-01,
       7.07267672e-02, 4.74642366e-02, 3.61941904e-02, 3.34489234e-02,
       3.53995077e-02, 4.11067754e-02, 3.58329713e-02, 4.02398482e-02,
       5.28102852e-02, 6.64643794e-02, 3.49660441e-02, 2.18898989e-02,
       1.66160949e-02, 1.34373643e-02, 9.31946188e-03, 7.22438935e-03,
       1.11978035e-02, 7.73009658e-03, 2.67302408e-03, 2.16731685e-03,
       9.39170597e-04, 7.22438912e-04, 3.61219456e-04, 2.88975571e-04,
       2.16731685e-04, 7.22438926e-05, 7.22438926e-05, 0., 0., 0., 0.,
       0., 0., 0., 0., 0., 0., 0., 0., 0., 0., 0., 0., 0., 0., 0., 0.,
       0., 0., 0., 0., 0., 0., 0., 1.68328267e-02, 3.77546579e-01,
       3.07181031e-01, 5.35977423e-01, 2.14925587e-01, 1.39791936e-01,
       6.40080869e-02, 4.78977002e-02, 3.83615084e-02, 5.02095036e-02,
       4.00953591e-02, 7.30385780e-02, 6.09738454e-02, 8.39474052e-02,
       9.12440345e-02, 6.41525760e-02, 1.95058510e-02, 1.03308763e-02,
       7.44112115e-03, 4.62360913e-03, 3.10648745e-03, 3.10648745e-03,
       2.38404842e-03, 1.80609734e-03, 1.08365843e-03, 7.94682826e-04,
       3.61219456e-04, 5.77951141e-04, 5.05707227e-04, 1.44487785e-04,
       7.22438926e-05, 7.22438926e-05, 7.22438926e-05, 0.,
       1.44487785e-04, 0., 7.22438926e-05, 0., 0., 0., 0., 0., 0., 0.,
       0., 0., 0., 0., 0., 0., 0., 0., 0., 0., 0., 0., 0., 0., 0., 0.,
       0., 5.56277996e-03, 2.13841926e-02, 1.35023832e-01,
       5.82285784e-02, 1.65005058e-01, 6.42392695e-01, 1.70062125e-01,
       2.10446462e-01, 1.59297779e-01, 1.24837443e-01, 2.12324798e-01,
       2.10518703e-01, 1.60020217e-01, 1.61754072e-01, 1.13350667e-01,
       4.87646274e-02, 3.09926309e-02, 2.40572169e-02, 8.74151103e-03,
       7.15214526e-03, 4.19014599e-03, 3.61219468e-03, 8.66926741e-04,
       8.66926741e-04, 1.01141445e-03, 7.94682826e-04, 5.77951141e-04,
       5.05707227e-04, 2.88975571e-04, 3.61219456e-04, 7.22438926e-05,
       0., 7.22438926e-05, 7.22438926e-05, 0., 0., 0., 0., 0., 0., 0.,
       0., 0., 0., 0., 0., 0., 0., 0., 0., 0., 0., 0., 0., 0., 0., 0.,
       0., 0., 0., 7.22438912e-04, 8.48865733e-02, 6.23464808e-02,
       3.01979464e-02, 1.64716076e-02, 2.43461914e-02, 8.59702285e-03,
