%YAML:1.0
ESPIDCardV2Front: !!opencv-matrix
   rows: 50
   cols: 60
   dt: f
   data: [ 3.11469316e-01, 4.84162085e-02, 7.65449042e-03,
       1.73626244e-02, 6.84547937e-03, 3.73389781e-03, 4.41844575e-03,
       3.54720280e-03, 2.30257027e-03, 3.85836093e-03, 6.47208933e-03,
       6.78324746e-03, 6.40985789e-03, 5.60084684e-03, 4.85406723e-03,
       8.21457524e-03, 8.52573290e-03, 7.21886894e-03, 9.95706022e-03,
       6.90771081e-03, 8.21457524e-03, 8.77465960e-03, 7.90341664e-03,
       6.09869976e-03, 3.11158155e-03, 3.79612949e-03, 6.28539454e-03,
       5.84977306e-03, 8.77465960e-03, 1.26952520e-02, 2.14076806e-02,
       2.38969456e-02, 2.21544597e-02, 2.46437248e-02, 1.20729357e-02,
       7.77895376e-03, 6.34762598e-03, 5.78754162e-03, 4.48067719e-03,
       5.60084684e-03, 5.72530972e-03, 7.21886894e-03, 6.22316310e-03,
       3.42273968e-03, 2.80042342e-03, 1.18240097e-03, 1.86694888e-04,
       1.86694888e-04, 0., 0., 0., 0., 0., 0., 0., 0., 0., 0., 0., 0.,
       0., 1.27574846e-01, 3.54097970e-02, 8.42616260e-02,
       1.97274256e-02, 8.21457524e-03, 4.29398241e-03, 9.58367065e-03,
       1.63669176e-02, 2.94355601e-02, 1.77360140e-02, 2.31501665e-02,
       1.68025400e-02, 1.49978222e-02, 1.76737830e-02, 1.69270039e-02,
       1.64291505e-02, 1.91673413e-02, 2.60750521e-02, 2.66973693e-02,
       3.11780460e-02, 3.18003632e-02, 3.22982147e-02, 1.51845179e-02,
       1.22596314e-02, 1.07038403e-02, 1.35664949e-02, 8.46350193e-03,
       1.02059869e-02, 1.02682188e-02, 1.60557609e-02, 1.25707891e-02,
       1.78604778e-02, 3.39162387e-02, 4.84784395e-02, 6.26672506e-02,
       6.04891442e-02, 5.27101904e-02, 2.71329898e-02, 2.14076806e-02,
       1.75493192e-02, 2.11587548e-02, 1.64291505e-02, 1.01437559e-02,
       4.91629867e-03, 1.86694891e-03, 4.35621419e-04, 1.86694888e-04,
       0., 0., 0., 0., 0., 0., 0., 0., 0., 0., 0., 0., 0., 0.,
       8.89912341e-03, 1.37407437e-01, 5.06565459e-02, 5.00342287e-02,
       5.22123352e-02, 4.48690057e-02, 1.87192738e-01, 9.91972163e-02,
       9.26628932e-02, 1.37469664e-01, 1.18675716e-01, 5.34569696e-02,
       2.91866343e-02, 2.73819175e-02, 1.61802229e-02, 1.33175682e-02,
       1.69892348e-02, 1.35042639e-02, 1.46866646e-02, 1.41888112e-02,
       1.42510431e-02, 1.51222860e-02, 2.53282730e-02, 3.28583010e-02,
       4.34999093e-02, 2.63862107e-02, 1.69892348e-02, 1.53712127e-02,
       1.65536143e-02, 1.33798001e-02, 1.14506194e-02, 1.39398854e-02,
       1.28197158e-02, 1.50600541e-02, 1.73626244e-02, 1.74870882e-02,
       9.95706022e-03, 7.71672186e-03, 5.28968871e-03, 5.41415159e-03,
       4.48067719e-03, 4.54290910e-03, 6.84547937e-03, 5.47638349e-03,
       2.36480194e-03, 2.80042342e-03, 2.17810692e-03, 1.61802233e-03,
       1.05793774e-03, 3.73389776e-04, 6.22316293e-05, 6.22316293e-05,
       1.86694888e-04, 0., 0., 0., 0., 0., 0., 5.37058972e-02,
       4.66861695e-01, 2.31750593e-01, 2.13018864e-01, 1.64415970e-01,
       1.65722832e-01, 1.50040463e-01, 4.30456191e-01, 3.49555075e-01,
       2.49735534e-01, 4.14338201e-01, 4.57464695e-01, 4.67235059e-01,
       3.27525079e-01, 2.65168965e-01, 1.11456849e-01, 5.78754134e-02,
       3.13025080e-02, 1.59312971e-02, 1.16373142e-02, 1.28819477e-02,
       1.38154216e-02, 2.31501665e-02, 2.58261263e-02, 2.72574537e-02,
       3.57831866e-02, 3.16758975e-02, 3.06801926e-02, 2.95600239e-02,
       4.20685820e-02, 3.74012105e-02, 3.36673111e-02, 3.59076485e-02,
       2.16566063e-02, 2.28390079e-02, 2.78797708e-02, 3.31694596e-02,
       2.68218331e-02, 2.49548834e-02, 2.38969456e-02, 2.74441484e-02,
       1.74870882e-02, 1.49978222e-02, 1.51845179e-02, 1.41888112e-02,
       9.89482924e-03, 7.53002707e-03, 1.03926817e-02, 4.79183532e-03,
       4.54290910e-03, 3.92059283e-03, 3.54720280e-03, 2.48926505e-03,
       1.74248568e-03, 1.80471723e-03, 2.17810692e-03, 8.09011166e-04,
       4.97853034e-04, 2.42703361e-03, 0., 0., 3.93926203e-02,
       1.66780770e-01, 2.11898699e-01, 1.05856001e-01, 1.23529784e-01,
       1.25956818e-01, 2.19304264e-01, 2.39591777e-01, 1.70203507e-01,
       1.15501903e-01, 7.89097026e-02, 1.27823770e-01, 1.12577014e-01,
       9.04847905e-02, 5.52616864e-02, 3.82102206e-02, 5.08432426e-02,
       3.46630178e-02, 2.55149677e-02, 2.31501665e-02, 3.50986384e-02,
       2.65106745e-02, 3.37917730e-02, 5.43282107e-02, 6.68367669e-02,
       5.25857285e-02, 5.84354997e-02, 6.27917126e-02, 9.69568789e-02,
       1.20542668e-01, 1.92855820e-01, 3.05930704e-01, 2.11027458e-01,
       1.44750774e-01, 8.37637708e-02, 6.27917126e-02, 3.72145139e-02,
       2.96222549e-02, 2.75686122e-02, 2.91244034e-02, 2.38969456e-02,
       1.92295741e-02, 2.06609014e-02, 2.06609014e-02, 1.63046867e-02,
       1.54956756e-02, 1.82338674e-02, 1.28197158e-02, 1.13261566e-02,
       8.40127002e-03, 9.27251298e-03, 5.78754162e-03, 5.35192015e-03,
       6.09869976e-03, 5.84977306e-03, 4.85406723e-03, 2.80042342e-03,
       1.27574839e-02, 2.54838526e-01, 3.02445721e-02, 3.00827682e-01,
       1.33300155e-01, 1.97398722e-01, 6.68367669e-02, 6.83925599e-02,
       1.01935409e-01, 1.25210032e-01, 1.48422435e-01, 2.45628238e-01,
       4.52921808e-01, 2.33928695e-01, 9.37208310e-02, 5.71286343e-02,
       4.56780158e-02, 5.15900217e-02, 6.81436360e-02, 8.15856680e-02,
       6.73346221e-02, 6.04891442e-02, 5.51994555e-02, 7.53625035e-02,
       5.74397929e-02, 6.75835460e-02, 1.06976174e-01, 1.99763536e-01,
       2.57576704e-01, 2.94417828e-01, 1.93415910e-01, 2.19055340e-01,
       2.37164736e-01, 3.74758869e-01, 6.35198236e-01, 3.70776057e-01,
       1.94411606e-01, 8.08388889e-02, 3.68411243e-02, 1.86694879e-02,
       1.59312971e-02, 2.12209858e-02, 3.72767448e-02, 2.96844877e-02,
       2.43947990e-02, 1.64913815e-02, 1.35664949e-02, 1.00192921e-02,
       7.71672186e-03, 8.96135438e-03, 4.91629867e-03, 4.79183532e-03,
       3.79612949e-03, 3.42273968e-03, 3.54720280e-03, 2.36480194e-03,
       1.74248568e-03, 2.11587548e-03, 1.80471723e-03, 1.49355910e-03,
       6.34762598e-03, 0., 3.82226676e-01, 6.52809814e-02,
       7.35577866e-02, 4.44956161e-02, 4.09484133e-02, 6.42230436e-02,
       1.13510489e-01, 8.51951018e-02, 8.10255781e-02, 7.43045658e-02,
       1.35789409e-01, 1.30810887e-01, 2.24842876e-01, 1.60557598e-01,
       8.83066803e-02, 6.49698228e-02, 6.56543672e-02, 7.20642284e-02,
       6.07380718e-02, 5.04076183e-02, 5.91822788e-02, 1.11643545e-01,
       9.41564515e-02, 1.45186394e-01, 1.60993218e-01, 2.42765591e-01,
       2.93795526e-01, 3.47812563e-01, 6.16279840e-01, 1.,
       9.14742708e-01, 9.75605249e-01, 1.68772176e-01, 2.80664656e-02,
       1.59935281e-02, 1.00815240e-02, 8.46350193e-03, 7.65449042e-03,
       5.78754162e-03, 5.28968871e-03, 1.21973995e-02, 1.55579075e-02,
       1.12639247e-02, 9.95706022e-03, 8.02788045e-03, 2.92488653e-03,
       4.66737198e-03, 4.04505571e-03, 2.61372840e-03, 1.86694891e-03,
       1.43132743e-03, 1.18240097e-03, 1.05793774e-03, 2.48926517e-04,
       7.46779551e-04, 7.46779551e-04, 5.60084649e-04, 5.60084649e-04,
       1.99141214e-03, 0., 0., 0., 7.71672186e-03, 2.37724818e-02,
       4.14462648e-02, 3.56587246e-02, 4.74205017e-02, 2.54527368e-02,
       2.68218331e-02, 2.81286966e-02, 3.49741764e-02, 1.99141204e-02,
       1.50600541e-02, 1.43132750e-02, 6.28539454e-03, 4.54290910e-03,
       4.35621385e-03, 5.66307828e-03, 3.04934988e-03, 3.29827634e-03,
       1.99141214e-03, 2.42703361e-03, 1.74248568e-03, 1.61802233e-03,
       3.73389776e-04, 8.09011166e-04, 3.11158132e-04, 4.97853034e-04,
       2.48926517e-04, 4.97853034e-04, 7.46779551e-04, 2.48926517e-04,
       6.22316264e-04, 2.48926517e-04, 2.48926517e-04, 6.22316293e-05,
       6.22316293e-05, 6.22316293e-05, 0., 6.22316293e-05,
       6.22316293e-05, 0., 0., 0., 0., 0., 0., 0., 0., 0., 0., 0., 0.,
       0., 0., 0., 0., 0., 0., 3.22670996e-01, 5.04076183e-02,
       1.30624190e-01, 7.24998489e-02, 4.39355299e-02, 2.47681886e-02,
