%YAML:1.0
ESPIDCardV3Front: !!opencv-matrix
   rows: 50
   cols: 60
   dt: f
   data: [ 6.44565284e-01, 2.17947692e-01, 1.19971205e-02,
       1.37726948e-01, 1.55082777e-01, 2.03631133e-01, 2.63696700e-01,
       7.00631812e-02, 5.54266982e-02, 5.38270809e-02, 4.69487309e-02,
       6.11053333e-02, 5.27873300e-02, 6.37447014e-02, 7.30224773e-02,
       1.13092855e-01, 1.01735584e-01, 9.42173898e-02, 1.09173797e-01,
       6.78237230e-02, 6.15052395e-02, 5.95856979e-02, 6.94233403e-02,
       5.51067740e-02, 4.55090776e-02, 3.87107097e-02, 3.30320708e-02,
       2.36743186e-02, 1.82356238e-02, 1.74358152e-02, 1.94353350e-02,
       1.27969291e-02, 1.23170437e-02, 1.35967368e-02, 9.11781192e-03,
       1.03975041e-02, 7.19827227e-03, 8.63792654e-03, 8.31800327e-03,
       5.83859859e-03, 4.79884818e-03, 6.23850292e-03, 5.67863695e-03,
       4.39894432e-03, 4.39894432e-03, 4.15900163e-03, 3.19923228e-03,
       2.71934737e-03, 2.79932818e-03, 2.31944327e-03, 2.07950082e-03,
       1.99952000e-03, 3.27921286e-03, 1.75957766e-03, 1.83955848e-03,
       2.39942409e-03, 2.55938573e-03, 1.91953930e-03, 1.43965450e-03,
       8.56594443e-02, 0., 5.73302388e-01, 4.71086949e-02,
       3.27281445e-01, 1.32048309e-01, 1.96272895e-01, 5.23554325e-01,
       5.84419727e-01, 1.20051190e-01, 1.43085659e-01, 1.34927616e-01,
       1.46924734e-01, 1.27089500e-01, 1.18691511e-01, 1.27569377e-01,
       1.62840918e-01, 1.55802608e-01, 1.46524832e-01, 1.88594729e-01,
       1.64040625e-01, 1.64760455e-01, 1.99712068e-01, 1.82036310e-01,
       8.94185379e-02, 8.28601122e-02, 6.89434558e-02, 7.99808055e-02,
       4.79084998e-02, 3.29520926e-02, 1.88754704e-02, 1.07174274e-02,
       4.31896327e-03, 2.63936655e-03, 2.39942409e-03, 2.15948164e-03,
       2.31944327e-03, 1.11973123e-03, 2.23946245e-03, 6.39846432e-04,
       1.35967368e-03, 3.99904035e-04, 6.39846432e-04, 1.03975041e-03,
       9.59769648e-04, 5.59865613e-04, 9.59769648e-04, 4.79884824e-04,
       3.99904035e-04, 1.03975041e-03, 5.59865613e-04, 9.59769648e-04,
       7.99808069e-04, 3.99904035e-04, 4.79884824e-04, 3.19923216e-04,
       3.19923216e-04, 7.99808069e-04, 1.19971205e-03, 1.59961608e-04,
       1.80756617e-02, 0., 0., 1.59961608e-04, 1.62840918e-01,
       9.63768661e-02, 1.42605767e-01, 1.59641683e-01, 5.12836933e-01,
       9.70167145e-02, 9.21378881e-02, 9.82164294e-02, 1.28449172e-01,
       8.03007260e-02, 6.47044703e-02, 7.80612677e-02, 1.26369670e-01,
       1.05254740e-01, 9.06982347e-02, 8.75789821e-02, 5.39870411e-02,
       4.35895398e-02, 5.81460446e-02, 7.16627985e-02, 3.74310166e-02,
       2.87930891e-02, 2.37542987e-02, 2.13548746e-02, 1.61561221e-02,
       1.68759488e-02, 1.08773895e-02, 5.75861800e-03, 1.59961614e-03,
       1.35967368e-03, 3.19923216e-04, 8.79788829e-04, 4.79884824e-04,
       4.79884824e-04, 3.19923216e-04, 1.11973123e-03, 1.59961608e-04,
       3.99904035e-04, 5.59865613e-04, 1.59961608e-04, 3.19923216e-04,
       6.39846432e-04, 0., 4.79884824e-04, 7.99808040e-05,
       7.99808040e-05, 6.39846432e-04, 3.19923216e-04, 3.99904035e-04,
       4.79884824e-04, 2.39942412e-04, 7.99808069e-04, 3.19923216e-04,
       7.99808069e-04, 4.79884824e-04, 0., 2.23146435e-02, 0.,
       4.23898268e-03, 5.72982490e-01, 8.92585739e-02, 1.26769572e-01,
       8.62193033e-02, 1.80116773e-01, 3.52155477e-01, 3.58154029e-01,
       2.03631133e-01, 1.42125890e-01, 1.37087092e-01, 9.02983248e-02,
       9.72566605e-02, 9.86963138e-02, 8.05406719e-02, 4.47092690e-02,
       3.05526666e-02, 2.78333202e-02, 2.08749902e-02, 1.74358152e-02,
       1.59961600e-02, 2.96728779e-02, 1.99152194e-02, 2.00751815e-02,
       1.70359109e-02, 2.35943366e-02, 1.40766213e-02, 8.15804210e-03,
       3.11925146e-03, 2.71934737e-03, 1.99952000e-03, 1.67959684e-03,
       1.67959684e-03, 1.11973123e-03, 1.83955848e-03, 5.59865613e-04,
       1.43965450e-03, 1.51963532e-03, 5.59865613e-04, 6.39846432e-04,
       7.99808069e-04, 6.39846432e-04, 1.27969286e-03, 7.19827251e-04,
       9.59769648e-04, 7.19827251e-04, 7.99808069e-04, 1.67959684e-03,
       3.19923216e-04, 1.75957766e-03, 1.03975041e-03, 1.11973123e-03,
       1.43965450e-03, 1.43965450e-03, 1.27969286e-03, 3.11925146e-03,
       1.43965450e-03, 7.99808040e-05, 5.86259291e-02, 0., 0.,
       3.19923216e-04, 1.87794924e-01, 1.98752299e-01, 1.04214989e-01,
       1.11573219e-01, 2.14348555e-01, 5.30832589e-01, 2.89690465e-01,
       1.64280578e-01, 1.16771974e-01, 9.17379856e-02, 8.79788846e-02,
       8.89386535e-02, 7.75813833e-02, 4.61489223e-02, 2.90330313e-02,
       2.95928977e-02, 2.33543944e-02, 2.11949125e-02, 1.90354306e-02,
       3.32720131e-02, 2.65536271e-02, 2.75933780e-02, 2.87131090e-02,
       4.27897312e-02, 2.59137806e-02, 2.23946255e-02, 1.22370627e-02,
       4.23898268e-03, 3.11925146e-03, 2.47940491e-03, 2.79932818e-03,
       1.99952000e-03, 1.51963532e-03, 1.83955848e-03, 2.23946245e-03,
       2.47940491e-03, 1.83955848e-03, 1.11973123e-03, 1.99952000e-03,
       1.99952000e-03, 2.23946245e-03, 2.07950082e-03, 2.95928982e-03,
       2.63936655e-03, 2.63936655e-03, 3.19923228e-03, 2.63936655e-03,
       2.23946245e-03, 2.55938573e-03, 3.43917450e-03, 2.47940491e-03,
       4.23898268e-03, 2.07950082e-03, 3.83907859e-03, 4.15900163e-03,
       4.79884824e-04, 4.63088863e-02, 6.25849783e-01, 3.56714390e-02,
       6.81516409e-01, 4.57810134e-01, 9.56570432e-02, 3.03527147e-01,
       2.87690938e-01, 2.06830353e-01, 8.05406719e-02, 5.24674058e-02,
       3.90306339e-02, 4.20699045e-02, 3.79908830e-02, 4.76685576e-02,
       9.02183503e-02, 1.57882109e-01, 1.31008551e-01, 1.18371591e-01,
       1.17411822e-01, 8.87786895e-02, 7.61417225e-02, 8.17403793e-02,
       9.70167145e-02, 6.07054308e-02, 4.57490198e-02, 3.11925132e-02,
       2.55938582e-02, 1.59161799e-02, 1.09573705e-02, 5.27873309e-03,
       9.11781192e-03, 6.23850292e-03, 2.23946245e-03, 4.39894432e-03,
       4.55890596e-03, 5.11877146e-03, 2.15948164e-03, 5.51867532e-03,
       3.67911696e-03, 6.39846455e-03, 3.35919368e-03, 4.47892491e-03,
       3.83907859e-03, 5.51867532e-03, 9.19779204e-03, 6.23850292e-03,
       5.43869473e-03, 5.75861800e-03, 6.79836841e-03, 5.83859859e-03,
       6.07854128e-03, 5.19875204e-03, 9.99760069e-03, 5.67863695e-03,
       8.95784982e-03, 7.11829169e-03, 1.15172360e-02, 6.87834900e-03,
       7.99808069e-04, 7.83811882e-02, 0., 8.85387480e-01,
       1.22930497e-01, 3.64952415e-01, 3.91665995e-01, 9.93361622e-02,
       5.54266982e-02, 4.82284240e-02, 2.55138762e-02, 1.74358152e-02,
       1.66360065e-02, 2.08749902e-02, 1.50363911e-02, 1.67159885e-02,
       1.51163721e-02, 2.84731667e-02, 3.01527623e-02, 5.14276586e-02,
       9.15780216e-02, 7.78213218e-02, 7.93409571e-02, 8.59793648e-02,
       1.14852436e-01, 7.09429756e-02, 5.25473878e-02, 2.75933780e-02,
       1.83156040e-02, 7.03831064e-03, 3.35919368e-03, 1.11973123e-03,
       5.67863695e-03, 2.07950082e-03, 2.55938573e-03, 3.03927064e-03,
       2.31944327e-03, 3.19923228e-03, 9.59769648e-04, 3.35919368e-03,
       2.71934737e-03, 3.03927064e-03, 6.39846432e-04, 2.63936655e-03,
       3.75909777e-03, 3.43917450e-03, 6.07854128e-03, 3.27921286e-03,
       5.67863695e-03, 2.15948164e-03, 7.91809987e-03, 2.79932818e-03,
       2.79932818e-03, 9.67767742e-03, 3.59913614e-03, 1.04774851e-02,
       3.19923228e-03, 2.95928982e-03, 1.33567946e-02, 6.31848350e-03,
       0., 5.35071567e-02, 0., 0., 0., 8.88586715e-02, 2.64896423e-01,
       2.15148367e-02, 6.71838736e-03, 4.79884818e-03, 2.39942409e-03,
       2.47940491e-03, 1.67959684e-03, 1.43965450e-03, 1.35967368e-03,
       1.35967368e-03, 1.75957766e-03, 2.47940491e-03, 2.63936655e-03,
       3.11925146e-03, 3.19923228e-03, 1.43965450e-03, 1.83955848e-03,
       1.03975041e-03, 2.23946245e-03, 1.51963532e-03, 1.35967368e-03,
       1.03975041e-03, 1.51963532e-03, 7.99808069e-04, 1.27969286e-03,
       0., 1.75957766e-03, 0., 5.59865613e-04, 5.59865613e-04,
