%YAML:1.0
---
ESPIDCardV3FrontStamp: !!opencv-matrix
   rows: 69
   cols: 99
   dt: u
   data: [ 158, 167, 164, 162, 163, 147, 137, 149, 155, 132, 112, 130,
       153, 159, 147, 147, 165, 163, 159, 152, 151, 158, 163, 160, 165,
       164, 161, 161, 165, 167, 167, 170, 171, 169, 168, 171, 171, 170,
       171, 174, 170, 167, 174, 172, 160, 162, 167, 160, 159, 162, 165,
       167, 169, 170, 169, 167, 158, 169, 169, 153, 135, 153, 163, 157,
       143, 142, 156, 170, 172, 178, 180, 169, 172, 174, 162, 164, 160,
       163, 171, 172, 172, 172, 173, 173, 173, 172, 173, 175, 175, 172,
       175, 178, 179, 182, 183, 181, 175, 174, 175, 161, 168, 162, 160,
       159, 137, 123, 136, 155, 147, 133, 139, 151, 161, 158, 161, 157,
       154, 156, 159, 158, 158, 161, 163, 158, 168, 170, 166, 170, 175,
       173, 167, 169, 166, 165, 167, 167, 166, 166, 168, 171, 171, 177,
       179, 174, 174, 174, 165, 163, 164, 164, 162, 162, 163, 164, 164,
       166, 166, 165, 154, 147, 155, 160, 148, 146, 154, 157, 144, 139,
       160, 176, 170, 173, 178, 167, 169, 168, 171, 169, 166, 159, 165,
       168, 170, 174, 178, 178, 175, 175, 175, 177, 178, 178, 178, 177,
       173, 173, 172, 173, 144, 149, 142, 143, 156, 145, 127, 131, 155,
       160, 157, 158, 155, 157, 153, 155, 156, 158, 159, 158, 161, 171,
       174, 168, 167, 162, 156, 154, 152, 147, 148, 157, 151, 148, 147,
       149, 151, 150, 150, 151, 167, 166, 165, 166, 169, 173, 173, 169,
       178, 177, 173, 167, 163, 161, 161, 161, 166, 161, 166, 165, 170,
       168, 167, 152, 142, 158, 155, 132, 127, 147, 159, 152, 161, 172,
       164, 166, 172, 177, 172, 168, 170, 170, 165, 160, 162, 165, 164,
       164, 163, 165, 169, 172, 173, 174, 173, 170, 164, 164, 165, 141,
       162, 159, 147, 151, 151, 147, 156, 163, 157, 148, 153, 155, 160,
       157, 159, 164, 166, 164, 157, 155, 158, 147, 127, 114, 124, 130,
       134, 141, 149, 153, 156, 153, 150, 149, 150, 151, 151, 150, 150,
       148, 147, 142, 142, 151, 159, 160, 162, 168, 171, 175, 175, 174,
       173, 172, 170, 166, 159, 158, 157, 162, 166, 171, 166, 172, 170,
       157, 150, 158, 159, 138, 114, 154, 164, 152, 149, 159, 171, 169,
       171, 172, 173, 170, 170, 173, 169, 165, 167, 162, 162, 163, 167,
       169, 167, 165, 166, 170, 171, 171, 120, 150, 163, 160, 162, 160,
       153, 155, 157, 156, 154, 160, 158, 164, 164, 167, 156, 143, 131,
       126, 128, 138, 148, 150, 163, 168, 168, 165, 165, 167, 168, 170,
       172, 170, 168, 168, 168, 166, 165, 165, 166, 167, 159, 153, 153,
       148, 140, 139, 152, 157, 163, 167, 169, 171, 171, 170, 170, 167,
       160, 159, 156, 164, 164, 163, 160, 166, 168, 169, 170, 158, 145,
       143, 153, 156, 138, 131, 144, 162, 159, 162, 162, 171, 170, 168,
       174, 177, 174, 174, 172, 170, 168, 172, 176, 172, 170, 176, 172,
       172, 167, 163, 163, 157, 154, 156, 158, 157, 160, 156, 160, 161,
       165, 159, 158, 141, 123, 117, 126, 142, 153, 159, 164, 166, 163,
       160, 159, 163, 171, 174, 166, 162, 168, 169, 169, 169, 169, 169,
       170, 170, 170, 171, 175, 172, 169, 170, 166, 160, 161, 149, 147,
       145, 144, 148, 158, 167, 172, 170, 173, 169, 174, 170, 173, 162,
       156, 160, 162, 161, 163, 168, 163, 155, 154, 158, 156, 142, 136,
       144, 154, 137, 129, 152, 167, 161, 147, 155, 168, 167, 161, 168,
       168, 164, 165, 172, 170, 167, 170, 165, 165, 158, 164, 159, 159,
       159, 156, 157, 164, 169, 160, 161, 152, 132, 108, 117, 138, 155,
       162, 166, 167, 160, 155, 160, 164, 162, 164, 165, 159, 151, 153,
       158, 158, 156, 155, 157, 159, 159, 160, 161, 162, 164, 166, 168,
       167, 167, 168, 167, 167, 170, 175, 167, 156, 145, 141, 142, 145,
       146, 156, 159, 162, 167, 170, 169, 165, 164, 155, 159, 161, 161,
       162, 163, 165, 169, 165, 166, 161, 155, 151, 152, 129, 119, 144,
       158, 152, 141, 152, 162, 155, 146, 155, 160, 154, 149, 155, 156,
       147, 141, 145, 152, 147, 163, 157, 161, 164, 162, 165, 164, 152,
       131, 123, 124, 140, 147, 160, 166, 168, 163, 156, 157, 162, 159,
       154, 152, 152, 152, 148, 146, 151, 156, 153, 149, 152, 148, 151,
       152, 151, 150, 150, 151, 152, 158, 159, 161, 164, 166, 167, 168,
       169, 162, 162, 162, 161, 160, 157, 150, 143, 132, 140, 154, 162,
       170, 163, 164, 168, 171, 164, 157, 155, 155, 154, 153, 154, 159,
       163, 167, 163, 156, 163, 155, 157, 156, 157, 143, 136, 148, 152,
       146, 146, 146, 159, 155, 146, 155, 161, 149, 137, 142, 156, 157,
       162, 165, 170, 159, 152, 140, 135, 137, 142, 157, 158, 162, 159,
       155, 163, 159, 149, 152, 157, 151, 145, 144, 145, 151, 153, 158,
       157, 151, 154, 163, 164, 158, 159, 161, 160, 159, 161, 159, 154,
       153, 155, 157, 161, 159, 153, 154, 161, 166, 165, 165, 165, 166,
       166, 166, 163, 160, 159, 156, 146, 137, 140, 148, 159, 167, 166,
       166, 167, 168, 168, 164, 158, 153, 159, 164, 159, 155, 156, 160,
       162, 160, 157, 159, 157, 153, 165, 167, 153, 155, 168, 167, 151,
       132, 145, 161, 166, 145, 150, 162, 169, 166, 155, 140, 123, 128,
       141, 158, 160, 155, 156, 156, 161, 158, 150, 149, 143, 141, 138,
       142, 145, 151, 157, 153, 153, 151, 159, 162, 159, 154, 154, 156,
       156, 154, 158, 158, 157, 156, 156, 159, 165, 166, 161, 156, 152,
       150, 152, 152, 148, 139, 147, 155, 160, 164, 167, 163, 158, 159,
       162, 160, 151, 136, 124, 127, 140, 156, 158, 161, 161, 159, 158,
       158, 159, 159, 156, 148, 147, 148, 145, 148, 153, 159, 163, 164,
       159, 163, 164, 156, 161, 160, 163, 166, 169, 173, 174, 176, 165,
       166, 169, 167, 131, 139, 152, 162, 163, 158, 165, 153, 136, 121,
       119, 114, 100, 97, 107, 117, 119, 118, 123, 124, 125, 125, 117,
       115, 118, 125, 120, 105, 104, 118, 122, 114, 114, 122, 124, 120,
       116, 118, 127, 138, 136, 135, 137, 140, 145, 147, 140, 128, 120,
       125, 129, 129, 131, 136, 137, 135, 146, 148, 143, 139, 142, 141,
       130, 117, 111, 122, 138, 148, 149, 146, 142, 140, 150, 143, 137,
       139, 144, 142, 139, 141, 138, 136, 134, 125, 124, 135, 147, 161,
       158, 151, 154, 168, 161, 154, 161, 165, 162, 165, 163, 159, 158,
       159, 164, 162, 157, 161, 134, 88, 74, 85, 82, 68, 72, 85, 102, 97,
       81, 70, 66, 71, 73, 63, 56, 52, 75, 85, 74, 67, 73, 73, 64, 64,
       74, 76, 69, 67, 71, 77, 82, 87, 91, 96, 97, 100, 105, 104, 96, 95,
       94, 92, 90, 92, 99, 107, 112, 117, 113, 100, 91, 100, 111, 109,
       100, 92, 91, 89, 89, 91, 95, 99, 101, 97, 103, 107, 102, 99, 98,
       95, 97, 83, 84, 91, 91, 89, 94, 101, 103, 99, 97, 118, 160, 163,
       158, 159, 160, 161, 168, 171, 170, 170, 164, 155, 149, 151, 158,
       122, 74, 54, 62, 58, 50, 54, 50, 53, 57, 58, 65, 65, 62, 58, 51,
       53, 71, 63, 55, 52, 53, 54, 52, 49, 54, 63, 61, 52, 54, 62, 63,
       58, 55, 63, 70, 71, 70, 76, 78, 75, 73, 71, 72, 75, 78, 80, 85,
       92, 89, 84, 81, 85, 87, 81, 77, 80, 87, 82, 78, 79, 83, 83, 77,
       71, 79, 75, 72, 65, 70, 77, 69, 65, 70, 69, 74, 81, 83, 88, 90,
       82, 88, 87, 106, 149, 158, 163, 167, 166, 173, 176, 175, 152, 151,
       155, 155, 149, 146, 150, 124, 77, 55, 54, 48, 46, 55, 50, 49, 55,
       47, 45, 46, 51, 56, 56, 59, 53, 52, 53, 55, 56, 57, 60, 63, 58,
       62, 58, 51, 57, 65, 63, 57, 49, 56, 65, 69, 70, 73, 74, 69, 67,
       66, 68, 73, 74, 72, 72, 75, 79, 73, 67, 68, 72, 73, 73, 78, 80,
       73, 68, 71, 79, 82, 76, 68, 73, 58, 49, 45, 59, 73, 67, 68, 63,
       59, 59, 68, 74, 79, 80, 68, 64, 73, 101, 144, 161, 167, 172, 170,
       164, 164, 161, 166, 156, 159, 159, 165, 165, 152, 119, 81, 65, 61,
       55, 51, 52, 49, 52, 52, 50, 53, 51, 48, 47, 48, 56, 66, 62, 55,
       51, 55, 60, 54, 44, 47, 49, 48, 47, 51, 53, 52, 53, 60, 60, 62,
       60, 57, 59, 63, 62, 63, 65, 66, 67, 69, 71, 70, 69, 62, 72, 74,
       68, 67, 69, 70, 69, 66, 65, 66, 70, 73, 72, 64, 57, 54, 59, 68,
       57, 54, 62, 66, 80, 95, 86, 70, 68, 70, 76, 84, 79, 78, 81, 102,
       132, 144, 135, 136, 136, 137, 140, 140, 157, 162, 162, 136, 139,
