%YAML:1.0
ESPIDCardV1Back: !!opencv-matrix
   rows: 50
   cols: 60
   dt: f
   data: [ 4.00278151e-01, 1.10431150e-01, 9.10987481e-02,
       7.48261437e-02, 9.98609141e-02, 1.03894293e-01, 7.78859481e-02,
       1.36300415e-01, 1.33518770e-01, 9.61057022e-02, 5.39638363e-02,
       5.00695407e-02, 4.40890118e-02, 4.32545207e-02, 3.32406126e-02,
       2.78164111e-02, 2.07232255e-02, 1.57162715e-02, 3.12934630e-02,
       2.94853952e-02, 1.80806667e-02, 1.11265648e-02, 5.56328241e-03,
       4.03337972e-03, 0., 0., 0., 0., 0., 0., 0., 0., 0., 0., 0., 0.,
       0., 0., 0., 0., 0., 0., 0., 0., 0., 0., 0., 0., 0., 0., 0., 0.,
       0., 0., 0., 0., 0., 0., 0., 0., 0., 1.52990257e-03,
       9.17941555e-02, 7.34353215e-02, 5.61891496e-02, 6.77329600e-02,
       7.17663392e-02, 8.73435289e-02, 8.80389437e-02, 7.52433911e-02,
       8.09457526e-02, 9.01251733e-02, 6.03616126e-02, 5.92489541e-02,
       7.80250356e-02, 5.66063970e-02, 4.17246148e-02, 3.83866467e-02,
       6.18915148e-02, 4.26981896e-02, 5.28511815e-02, 4.13073711e-02,
       5.64673133e-02, 6.49513230e-02, 4.26981896e-02, 4.31154389e-03,
       1.25173852e-03, 0., 0., 0., 0., 0., 0., 0., 0., 0., 0., 0., 0.,
       0., 0., 0., 0., 0., 0., 0., 0., 0., 0., 0., 0., 0., 0., 0., 0.,
       0., 0., 0., 0., 0., 0., 9.52712074e-02, 6.59248903e-02,
       1.02086231e-01, 6.17524311e-02, 6.74548000e-02, 6.91237822e-02,
       1.04172461e-01, 1.00834489e-01, 1.24895684e-01, 1.26008347e-01,
       7.96940178e-02, 4.14464511e-02, 4.81223911e-02, 2.32267026e-02,
       2.62865089e-02, 2.28094570e-02, 1.96105689e-02, 2.54520159e-02,
       1.87760778e-02, 2.04450618e-02, 2.42002774e-02, 5.59109859e-02,
       6.73157126e-02, 8.73435289e-02, 3.88038941e-02, 1.41863693e-02,
       2.92072305e-03, 1.39082054e-04, 5.56328217e-04, 2.36439495e-03,
       5.56328217e-04, 0., 0., 0., 0., 0., 0., 0., 0., 0., 0., 0., 0.,
       0., 0., 0., 0., 0., 0., 0., 0., 0., 0., 0., 0., 0., 0., 0., 0.,
       0., 5.56328217e-04, 5.06258681e-02, 1.31710708e-01,
       9.45758000e-02, 9.33240578e-02, 1.33518770e-01, 2.81641155e-01,
       2.57023633e-01, 2.54659235e-01, 1.40333787e-01, 9.36022252e-02,
       3.61613333e-02, 2.87899859e-02, 1.96105689e-02, 2.16968004e-02,
       1.54381078e-02, 1.44645339e-02, 1.36300409e-02, 8.62308778e-03,
       8.20584130e-03, 6.81502046e-03, 8.90125148e-03, 8.90125148e-03,
       1.09874820e-02, 1.61335189e-02, 1.87760778e-02, 2.04450618e-02,
       2.21140459e-02, 1.47426976e-02, 1.90542415e-02, 7.51043111e-03,
       3.89429741e-03, 0., 0., 0., 0., 0., 0., 0., 0., 0., 0., 0., 0.,
       0., 0., 0., 0., 0., 0., 0., 0., 0., 0., 0., 0., 0., 0., 0.,
       8.23365748e-02, 9.19332355e-02, 6.02225289e-02, 1.53824747e-01,
       1.09874822e-01, 8.85952711e-02, 1.18497908e-01, 2.22670376e-01,
       1.92350477e-01, 1.24617517e-01, 8.55354667e-02, 8.88734311e-02,
       5.34075089e-02, 3.39360200e-02, 1.59944370e-02, 1.05702365e-02,
       3.33796930e-03, 2.22531287e-03, 9.73574352e-04, 0.,
       4.17246163e-04, 4.17246163e-04, 4.17246163e-04, 0.,
       2.78164109e-04, 0., 0., 0., 1.39082054e-04, 0., 0., 0., 0., 0.,
       0., 0., 0., 0., 0., 0., 0., 0., 0., 0., 0., 0., 0., 0., 0., 0.,
       0., 0., 0., 0., 0., 0., 0., 0., 0., 0., 0., 1.85674548e-01,
       1.09596662e-01, 1.75382465e-01, 2.09874824e-01, 2.09457576e-01,
       1.95827529e-01, 2.33518764e-01, 1.88317105e-01, 1.56745479e-01,
       1.51599437e-01, 1.86509028e-01, 1.21418633e-01, 8.41446444e-02,
       4.56189141e-02, 2.76773293e-02, 9.04033333e-03, 6.67593861e-03,
       3.61613347e-03, 1.39082054e-04, 0., 0., 0., 0., 0., 0., 0., 0.,
       0., 0., 0., 0., 0., 0., 0., 0., 0., 0., 0., 0., 0., 0., 0., 0.,
       0., 0., 0., 0., 0., 0., 0., 0., 0., 0., 0., 0., 0., 0., 0., 0.,
       0., 7.51043111e-02, 3.19471478e-01, 1.78025037e-01,
       1.40333787e-01, 2.75382459e-01, 2.33936012e-01, 2.43949920e-01,
       1.64812237e-01, 1.10570230e-01, 7.39916563e-02, 9.04033333e-02,
       6.67593852e-02, 5.66063970e-02, 4.10292074e-02, 1.33518772e-02,
       2.08623079e-03, 9.73574352e-04, 1.39082060e-03, 0., 0., 0., 0.,
       0., 0., 0., 0., 0., 0., 0., 0., 0., 0., 0., 0., 0., 0., 0., 0.,
       0., 0., 0., 0., 0., 0., 0., 0., 0., 0., 0., 0., 0., 0., 0., 0.,
       0., 0., 0., 0., 0., 0., 0., 2.08623079e-03, 1.33796930e-01,
       1.11821972e-01, 1.09179415e-01, 1.46314323e-01, 2.23365784e-01,
       1.35605007e-01, 6.74548000e-02, 4.22809459e-02, 1.61335189e-02,
       7.37134879e-03, 6.95410278e-03, 5.84144611e-03, 4.45062574e-03,
       2.22531287e-03, 1.66898465e-03, 2.64255912e-03, 1.39082060e-03,
       1.11265643e-03, 2.78164109e-04, 1.39082054e-04, 0., 0., 0., 0.,
       0., 0., 0., 0., 0., 0., 0., 0., 0., 0., 0., 0., 0., 0., 0., 0.,
       0., 0., 0., 0., 0., 0., 0., 0., 0., 0., 0., 0., 0., 0., 0., 0.,
       0., 3.07649493e-01, 3.21696788e-01, 2.22809449e-01,
       2.89151579e-01, 2.10709319e-01, 1.68428361e-01, 1.76077887e-01,
       1.32267028e-01, 5.49374111e-02, 5.13212793e-02, 1.98887344e-02,
       8.34492315e-03, 3.47705139e-03, 2.92072305e-03, 1.94714870e-03,
       3.47705139e-03, 1.94714870e-03, 1.25173852e-03, 2.64255912e-03,
       8.34492326e-04, 5.56328217e-04, 8.34492326e-04, 0., 0., 0., 0.,
       0., 0., 0., 0., 0., 0., 0., 0., 0., 0., 0., 0., 0., 0., 0., 0.,
       0., 0., 0., 0., 0., 0., 0., 0., 0., 0., 0., 0., 0., 0., 0., 0.,
       0., 0., 0., 0., 4.97913770e-02, 3.23226690e-01, 1.72044501e-01,
       1.70653686e-01, 9.17941555e-02, 4.39499281e-02, 3.68567444e-02,
       2.89290678e-02, 2.30876207e-02, 3.05980518e-02, 1.26564670e-02,
       1.23783024e-02, 1.02920718e-02, 1.21001387e-02, 7.64951296e-03,
       1.18219750e-02, 7.51043111e-03, 4.17246163e-04, 0., 0., 0., 0.,
       0., 0., 0., 0., 0., 0., 0., 0., 0., 0., 0., 0., 0., 0., 0., 0.,
       0., 0., 0., 0., 0., 0., 0., 0., 0., 0., 0., 0., 0., 0., 0., 0.,
       0., 0., 0., 0., 0., 5.77190518e-02, 3.19054246e-01,
       1.26564667e-01, 1.33240610e-01, 9.61057022e-02, 5.79972155e-02,
       6.92628622e-02, 3.71349081e-02, 2.61474270e-02, 2.60083433e-02,
       3.53268422e-02, 2.07232255e-02, 1.69680100e-02, 1.79415848e-02,
       1.68289281e-02, 1.19610569e-02, 5.56328241e-03, 8.34492326e-04,
       1.39082054e-04, 0., 0., 0., 0., 0., 0., 0., 0., 0., 0., 0., 0.,
       0., 0., 0., 0., 0., 0., 0., 0., 0., 0., 0., 0., 0., 0., 0., 0.,
       0., 0., 0., 0., 0., 0., 0., 0., 0., 0., 0., 0., 0.,
       1.07093185e-01, 1.87065363e-01, 2.17663422e-01, 1.03477046e-01,
       4.43671755e-02, 3.17107067e-02, 3.40751037e-02, 2.33657844e-02,
       2.43393593e-02, 2.93463133e-02, 3.64394970e-02, 2.07232255e-02,
       1.29346307e-02, 9.73574352e-03, 8.90125148e-03, 6.11961028e-03,
       2.78164120e-03, 2.64255912e-03, 5.56328217e-04, 0., 0., 0., 0.,
       0., 0., 0., 0., 0., 0., 0., 0., 0., 0., 0., 0., 0., 0., 0., 0.,
       0., 0., 0., 0., 0., 0., 0., 0., 0., 0., 0., 0., 0., 0., 0., 0.,
       0., 0., 0., 0., 6.63421378e-02, 1.05841443e-01, 9.55493748e-02,
       6.34214133e-02, 5.04867844e-02, 4.35326844e-02, 2.54520159e-02,
       2.42002774e-02, 2.19749641e-02, 2.03059800e-02, 2.07232255e-02,
       2.40611956e-02, 1.07093183e-02, 7.78859481e-03, 6.11961028e-03,
       7.51043111e-03, 8.90125148e-03, 9.59666166e-03, 5.98052843e-03,
       1.39082054e-04, 0., 0., 0., 0., 0., 0., 0., 0., 0., 0., 0., 0.,
       0., 0., 0., 0., 0., 0., 0., 0., 0., 0., 0., 0., 0., 0., 0., 0.,
       0., 0., 0., 0., 0., 0., 0., 0., 0., 0., 0., 0., 0.,
       1.67732954e-01, 8.70653689e-02, 9.44367126e-02, 6.49513230e-02,
       3.01808063e-02, 1.90542415e-02, 2.48956885e-02, 2.43393593e-02,
       2.87899859e-02, 3.90820578e-02, 3.94993052e-02, 2.08623074e-02,
       2.39221137e-02, 2.64255907e-02, 3.43532674e-02, 1.37691237e-02,
       5.28511824e-03, 4.03337972e-03, 2.78164109e-04, 0., 0., 0., 0.,
       0., 0., 0., 0., 0., 0., 0., 0., 0., 0., 0., 0., 0., 0., 0., 0.,
       0., 0., 0., 0., 0., 0., 0., 0., 0., 0., 0., 0., 0., 0., 0., 0.,
