%YAML:1.0
ESPIDCardV2Front: !!opencv-matrix
   rows: 50
   cols: 60
   dt: f
   data: [ 2.97316372e-01, 0., 1.10426294e-02, 2.78633777e-02,
       7.76836136e-03, 1.79763734e-02, 1.76553670e-02, 3.91628146e-02,
       2.19568554e-02, 1.41242929e-02, 2.36260910e-02, 1.73985604e-02,
       5.77811990e-03, 6.86954241e-03, 2.69645592e-03, 5.26450947e-03,
       5.52131468e-03, 6.48433482e-03, 1.45737026e-02, 8.47457629e-03,
       1.23266559e-02, 7.76836136e-03, 1.21340519e-02, 6.29173080e-03,
       5.77811990e-03, 7.25475047e-03, 5.58551587e-03, 2.50385189e-03,
       2.56805331e-03, 2.31124787e-03, 9.63020022e-04, 7.06214691e-04,
       5.77811967e-04, 0., 0., 0., 0., 0., 0., 0., 0., 0., 0., 0., 0.,
       0., 0., 0., 0., 0., 0., 0., 0., 0., 0., 0., 0., 0., 0., 0., 0.,
       0., 5.92578314e-02, 1.58577301e-02, 1.20698502e-02,
       1.58577301e-02, 4.06394452e-02, 4.03826386e-02, 1.40600922e-02,
       2.43323054e-02, 1.02722133e-02, 1.47021050e-02, 1.82331782e-02,
       1.42526962e-02, 1.62429381e-02, 1.99024137e-02, 8.47457629e-03,
       6.61273720e-03, 1.79121718e-02, 1.25834616e-02, 1.72701590e-02,
       3.12660486e-02, 3.70441675e-02, 2.81201843e-02, 1.59219299e-02,
       1.56009234e-02, 7.44735450e-03, 2.69645592e-03, 2.82485876e-03,
       3.21006658e-03, 1.15562393e-03, 4.49409330e-04, 6.42013329e-04,
       1.09142263e-03, 6.42013329e-04, 0., 0., 0., 0., 0., 0., 0., 0.,
       0., 0., 0., 0., 0., 0., 0., 0., 0., 0., 0., 0., 0., 0., 0., 0.,
       0., 0., 0., 0., 0., 4.87930141e-03, 2.58089360e-02,
       6.42013317e-03, 1.67565476e-02, 2.20210571e-02, 2.05444265e-02,
       3.12660486e-02, 2.01592185e-02, 1.21340519e-02, 2.15074457e-02,
       1.09142270e-02, 1.90035943e-02, 2.58089360e-02, 2.71571632e-02,
       3.22932713e-02, 4.16024625e-02, 3.61453518e-02, 2.42681038e-02,
       2.69003585e-02, 2.40755007e-02, 1.94530040e-02, 1.17488438e-02,
       4.81509976e-03, 1.92604004e-03, 1.02722133e-03, 1.15562393e-03,
       8.98818660e-04, 4.49409330e-04, 0., 0., 2.56805331e-03,
       1.32254744e-02, 3.33846919e-03, 1.41242938e-03, 0., 0., 0., 0.,
       0., 0., 0., 0., 0., 0., 0., 0., 0., 0., 0., 0., 0., 0., 0., 0.,
       0., 0., 0., 0., 0., 8.97534639e-02, 5.25808930e-02,
       1.57935284e-02, 3.60811502e-02, 4.96276319e-02, 1.91961993e-02,
       2.67077535e-02, 4.14740592e-02, 4.54545431e-02, 4.35285047e-02,
       6.25962988e-02, 6.49075508e-02, 1.16782226e-01, 8.52593705e-02,
       6.87596276e-02, 8.69928077e-02, 4.96276319e-02, 4.98844348e-02,
       3.59527469e-02, 4.53903414e-02, 3.35130952e-02, 3.80713902e-02,
       3.13944519e-02, 2.81843860e-02, 5.64971752e-03, 5.52131468e-03,
       7.06214644e-03, 2.37544929e-03, 1.54083199e-03, 2.05444265e-03,
       5.45711350e-03, 1.88751910e-02, 1.70133524e-02, 1.50231123e-02,
       2.54237279e-02, 2.20852587e-02, 1.26476623e-02, 1.73343602e-03,
       3.85207997e-04, 0., 0., 0., 0., 0., 0., 0., 0., 0., 0., 0., 0.,
       0., 0., 0., 0., 0., 0., 0., 0., 0., 0., 2.24704668e-03,
       1.30328704e-02, 9.63019952e-03, 9.50179715e-03, 2.11864393e-02,
       3.27426791e-02, 3.39625068e-02, 7.57575706e-02, 8.70570093e-02,
       6.37519211e-02, 1.18836664e-01, 1.57806873e-01, 1.84707239e-01,
       6.76682070e-02, 6.95942417e-02, 4.10246514e-02, 5.82948104e-02,
       7.20980987e-02, 8.23061094e-02, 5.44427298e-02, 5.77169992e-02,
       6.46507442e-02, 7.03646615e-02, 5.45069315e-02, 4.80867997e-02,
       3.15228552e-02, 3.08166407e-02, 1.69491526e-02, 2.29198765e-02,
       5.07832542e-02, 5.48921414e-02, 5.90652265e-02, 4.68027703e-02,
       6.35593161e-02, 4.59039547e-02, 3.09450421e-02, 2.93400083e-02,
       1.12352334e-02, 5.77811990e-03, 5.77811967e-04, 6.42013329e-05,
       0., 0., 0., 0., 0., 0., 0., 0., 0., 0., 0., 0., 0., 0., 0., 0.,
       5.79096004e-02, 1.38674881e-02, 2.72855666e-02, 4.84720059e-02,
       2.09296346e-02, 2.35618893e-02, 9.24499147e-03, 1.64997429e-02,
       3.12660486e-02, 8.21135044e-02, 1.45351812e-01, 8.23703110e-02,
       1.22046731e-01, 1.13058545e-01, 1.46571636e-01, 8.03800672e-02,
       1.19029269e-01, 1.76746264e-01, 1.00410886e-01, 7.70415962e-02,
       7.46661499e-02, 1.18451461e-01, 1.13058545e-01, 1.49717510e-01,
       1.37326658e-01, 1.44260392e-01, 9.93194655e-02, 9.80354324e-02,
       7.09424764e-02, 8.39111432e-02, 5.50847426e-02, 5.54699525e-02,
       6.22752942e-02, 3.53749357e-02, 4.26296853e-02, 5.91936298e-02,
       6.36877194e-02, 5.05906492e-02, 4.46199253e-02, 3.12660486e-02,
       3.19722630e-02, 1.70133524e-02, 6.42013317e-03, 2.37544929e-03,
       5.13610663e-04, 0., 0., 0., 0., 0., 0., 0., 0., 0., 0., 0., 0.,
       0., 0., 0., 0., 5.68823814e-02, 5.27734943e-02, 3.59527464e-03,
       2.48459149e-02, 3.71083692e-02, 4.51977402e-02, 7.86466300e-02,
       1.15562402e-01, 8.83410349e-02, 1.59411907e-01, 2.16165885e-01,
       2.03389823e-01, 1.47021055e-01, 1.35143802e-01, 1.39060080e-01,
       8.19851011e-02, 4.37853076e-02, 3.13944519e-02, 3.85207981e-02,
       4.55187447e-02, 4.65459675e-02, 4.17950675e-02, 4.67385687e-02,
       5.77169992e-02, 7.30611160e-02, 5.63045703e-02, 3.24216746e-02,
       2.67719552e-02, 2.10580379e-02, 9.88700520e-03, 6.22752914e-03,
       7.31895212e-03, 8.73138104e-03, 3.65947606e-03, 7.06214691e-04,
       0., 0., 0., 0., 0., 0., 0., 1.02722133e-03, 6.42013329e-05, 0.,
       0., 0., 0., 0., 0., 0., 0., 0., 0., 0., 0., 0., 0., 0., 0., 0.,
       0., 0., 0., 3.76219824e-02, 1.60374925e-01, 1.38225466e-01,
       1.83423206e-01, 3.93040568e-01, 5.39547980e-01, 2.64509499e-01,
       1.09655879e-01, 1.31548524e-01, 2.84604520e-01, 1.36235222e-01,
       1.98574722e-01, 8.78916234e-02, 5.82306087e-02, 5.38007170e-02,
       4.34643030e-02, 5.52131459e-02, 3.33846919e-02, 1.11068310e-02,
       6.54853601e-03, 2.95326137e-03, 1.41242938e-03, 7.70415994e-04,
       4.49409330e-04, 5.77811967e-04, 5.77811967e-04, 2.56805331e-04,
       6.42013329e-05, 0., 0., 0., 0., 0., 0., 0., 0., 0., 0., 0., 0.,
       0., 0., 0., 0., 0., 0., 0., 0., 0., 0., 0., 0., 0., 0.,
       7.19054937e-02, 4.26296853e-02, 0., 2.43323054e-02,
       5.61119653e-02, 7.90318400e-02, 6.51643500e-02, 5.28376959e-02,
       4.99486364e-02, 6.26605004e-02, 1.27760649e-01, 1.05097584e-01,
       4.65459675e-02, 1.58320487e-01, 2.36902922e-01, 2.34848469e-01,
       5.07190526e-02, 1.98382121e-02, 2.86337938e-02, 6.54853601e-03,
       4.04468412e-03, 1.92604004e-03, 2.82485876e-03, 4.49409330e-04,
       0., 0., 5.77811967e-04, 2.56805331e-04, 0., 0., 0., 0., 0., 0.,
       0., 0., 0., 0., 0., 0., 0., 0., 0., 0., 0., 0., 0., 0., 0., 0.,
       0., 0., 0., 0., 0., 0., 0., 0., 0., 0., 0., 0., 6.16332795e-03,
       1.41628146e-01, 6.61915764e-02, 3.60169485e-02, 4.98844348e-02,
       4.37853076e-02, 2.70287618e-02, 6.22752942e-02, 1.21404722e-01,
       6.71545938e-02, 9.42475572e-02, 3.38983051e-02, 1.59219299e-02,
       0., 0., 0., 0., 0., 0., 0., 0., 0., 0., 0., 0., 0., 0., 0., 0.,
       0., 0., 0., 0., 0., 0., 0., 0., 0., 0., 0., 0., 0., 0., 0., 0.,
       0., 0., 0., 0., 0., 0., 0., 0., 0., 0., 0., 0., 0., 0., 0.,
       7.20338970e-02, 7.12634809e-03, 0., 1.38032865e-02,
       4.17308649e-03, 1.34822801e-02, 6.03492511e-03, 1.21982535e-03,
       3.59527464e-03, 1.79763732e-03, 0., 0., 0., 0., 0., 0., 0., 0.,
       0., 0., 0., 0., 0., 0., 0., 0., 0., 0., 0., 0., 0., 0., 0., 0.,
       0., 0., 0., 0., 0., 0., 0., 0., 0., 0., 0., 0., 0., 0., 0., 0.,
       0., 0., 0., 0., 0., 0., 0., 0., 0., 0., 7.85824284e-02,
       6.34951219e-02, 2.81843860e-02, 2.56805331e-03, 5.58551587e-03,
       1.17488438e-02, 2.56805331e-03, 0., 5.13610663e-04,
       2.69645592e-03, 0., 0., 0., 0., 0., 0., 0., 0., 0., 0., 0., 0.,
       0., 0., 0., 0., 0., 0., 0., 0., 0., 0., 0., 0., 0., 0., 0., 0.,
       0., 0., 0., 0., 0., 0., 0., 0., 0., 0., 0., 0., 0., 0., 0., 0.,
       0., 0., 0., 0., 0., 0., 0., 0., 0., 4.17308649e-03,
       9.37339477e-03, 6.67693838e-03, 9.63020022e-04, 0., 0., 0., 0.,
